Starting Dynare (version 4.5.7).
Starting preprocessing of the model file ...
Found 23 equation(s).
Evaluating expressions...done
Computing static model derivatives:
 - order 1
Computing dynamic model derivatives:
 - order 1
Processing outputs ...
done
Preprocessing completed.




Residuals of the static equations:

Equation number 1 : 0 : Pricing
Equation number 2 : 0 : Markup
Equation number 3 : 0 : Variety effect
Equation number 4 : 0 : Profits
Equation number 5 : 0 : Free entry
Equation number 6 : 0 : Number of firms
Equation number 7 : 0 : Intratemporal optimality
Equation number 8 : 0 : Euler euqation (shares)
Equation number 9 : 0 : Euler euqation (bonds)
Equation number 10 : 0 : Output of consumption sector
Equation number 11 : 0 : Aggregate accounting
Equation number 12 : 0 : CPI inflation
Equation number 13 : 0 : Monetary policy
Equation number 14 : 0 : Entry cost
Equation number 15 : 0 : Aggregate productivity
Equation number 16 : 0 : Consumption-based real interest rate on bonds
Equation number 17 : 0 : Investment in new firms
Equation number 18 : 0 : GDP
Equation number 19 : 0 : Empirical GDP
Equation number 20 : 0 : Labor used to create new firms
Equation number 21 : 0 : Labor used in production of consumptions
Equation number 22 : 0 : Firm labor demand for productive purpose
Equation number 23 : 0 : Firm level output



STEADY-STATE RESULTS:

rho 		 0
mu  		 0
d   		 0
w   		 0
L   		 0
Ne  		 0
N   		 0
v   		 0
C   		 0
Z   		 0
YC  		 0
pi  		 0
i   		 0
pai 		 0
fe  		 0
r   		 0
ve  		 0
Y   		 0
Yr  		 0
Le  		 0
Lc  		 0
l   		 0
yy  		 0

EIGENVALUES:
         Modulus             Real        Imaginary

       8.814e-17       -8.814e-17                0
          0.7231           0.7231                0
          0.9109           0.9109                0
            1.08            1.079          0.06318
            1.08            1.079         -0.06318
           1.159            1.159                0
             Inf              Inf                0
             Inf              Inf                0


There are 5 eigenvalue(s) larger than 1 in modulus 
for 5 forward-looking variable(s)

The rank condition is verified.


MODEL SUMMARY

  Number of variables:         23
  Number of stochastic shocks: 1
  Number of state variables:   3
  Number of jumpers:           5
  Number of static variables:  15


MATRIX OF COVARIANCE OF EXOGENOUS SHOCKS
Variables       eps_Z
eps_Z        1.000000

POLICY AND TRANSITION FUNCTIONS
                                   i              pi             pai               r               C              Ne               N               L               w              mu               d               v             rho              ve               Y              Le              Lc               l              yy              Yr
rho(-1)                            0               0        1.000000               0               0               0               0               0               0               0               0               0               0               0               0               0               0               0               0               0
N(-1)                      -0.004453       -0.018028       -0.346519               0        0.388681       -2.208997        0.919775       -0.647759        0.226741        0.101750       -0.246195        0.226741        0.328491       -1.982256       -0.105264       -2.208997        0.060190       -0.859585       -0.859585       -0.433755
i(-1)                       0.714265       -0.390252       -0.529704        1.000000       -3.278213       15.618639        0.390466        1.086653       -3.006550        3.146002        5.140126       -3.006550        0.139452       12.612089        0.032267       15.618639       -3.417665       -3.808131       -3.808131       -0.107185
eps_Z                      -0.892832        0.487815        0.662130               0        4.097766      -19.523299       -0.488082       -1.358316        3.758187       -3.932502       -6.425158        3.758187       -0.174315      -15.765112       -0.040334      -19.523299        4.272081        4.760164        4.760164        0.133982


THEORETICAL MOMENTS (HP filter, lambda = 1600)
VARIABLE         MEAN  STD. DEV.   VARIANCE
i              0.0000     1.0277     1.0561
pi             0.0000     0.5621     0.3160
pai            0.0000     0.7622     0.5810
r              0.0000     1.0277     1.0561
C              0.0000     4.7485    22.5483
Ne             0.0000    22.6889   514.7863
N              0.0000     1.4378     2.0673
L              0.0000     1.8183     3.3063
w              0.0000     4.3374    18.8127
mu             0.0000     4.5290    20.5116
d              0.0000     7.4032    54.8074
v              0.0000     4.3374    18.8127
rho            0.0000     0.5135     0.2637
ve             0.0000    18.3629   337.1976
Y              0.0000     0.1582     0.0250
Le             0.0000    22.6889   514.7863
Lc             0.0000     4.9178    24.1847
l              0.0000     5.6189    31.5720
yy             0.0000     5.6189    31.5720
Yr             0.0000     0.6427     0.4131



MATRIX OF CORRELATIONS (HP filter, lambda = 1600)
Variables         i      pi     pai       r       C      Ne       N       L       w      mu       d       v     rho      ve       Y      Le      Lc       l      yy      Yr
i            1.0000 -0.9986 -0.9999  0.5634 -0.9938  0.9910  0.3867  0.8620 -0.9976  0.9993  0.9991 -0.9976  0.3867  0.9888  0.2976  0.9910 -0.9999 -0.9741 -0.9741 -0.2357
pi          -0.9986  1.0000  0.9978 -0.5830  0.9866 -0.9826 -0.4344 -0.8343  0.9926 -0.9999 -0.9956  0.9926 -0.4344 -0.9797 -0.2472 -0.9826  0.9980  0.9846  0.9846  0.2862
pai         -0.9999  0.9978  1.0000 -0.5580  0.9952 -0.9928 -0.3739 -0.8690  0.9985 -0.9986 -0.9996  0.9985 -0.3739 -0.9908 -0.3107 -0.9928  1.0000  0.9709  0.9709  0.2223
r            0.5634 -0.5830 -0.5580  1.0000 -0.5165  0.5063  0.5768  0.2885 -0.5353  0.5780  0.5468 -0.5353  0.5768  0.4991 -0.2039  0.5063 -0.5590 -0.6368 -0.6368 -0.5110
C           -0.9938  0.9866  0.9952 -0.5165  1.0000 -0.9997 -0.2815 -0.9132  0.9991 -0.9887 -0.9975  0.9991 -0.2815 -0.9993 -0.4022 -0.9997  0.9950  0.9428  0.9428  0.1259
Ne           0.9910 -0.9826 -0.9928  0.5063 -0.9997  1.0000  0.2598  0.9221 -0.9979  0.9851  0.9957 -0.9979  0.2598  0.9999  0.4226  1.0000 -0.9925 -0.9351 -0.9351 -0.1035
N            0.3867 -0.4344 -0.3739  0.5768 -0.2815  0.2598  1.0000 -0.1340 -0.3222  0.4220  0.3480 -0.3222  1.0000  0.2449 -0.7654  0.2598 -0.3762 -0.5851 -0.5851 -0.9874
L            0.8620 -0.8343 -0.8690  0.2885 -0.9132  0.9221 -0.1340  1.0000 -0.8949  0.8419  0.8824 -0.8949 -0.1340  0.9280  0.7404  0.9221 -0.8677 -0.7252 -0.7252  0.2894
w           -0.9976  0.9926  0.9985 -0.5353  0.9991 -0.9979 -0.3222 -0.8949  1.0000 -0.9942 -0.9996  1.0000 -0.3222 -0.9968 -0.3627 -0.9979  0.9983  0.9562  0.9562  0.1681
mu           0.9993 -0.9999 -0.9986  0.5780 -0.9887  0.9851  0.4220  0.8419 -0.9942  1.0000  0.9968 -0.9942  0.4220  0.9824  0.2606  0.9851 -0.9988 -0.9821 -0.9821 -0.2730
d            0.9991 -0.9956 -0.9996  0.5468 -0.9975  0.9957  0.3480  0.8824 -0.9996  0.9968  1.0000 -0.9996  0.3480  0.9942  0.3370  0.9957 -0.9995 -0.9639 -0.9639 -0.1951
v           -0.9976  0.9926  0.9985 -0.5353  0.9991 -0.9979 -0.3222 -0.8949  1.0000 -0.9942 -0.9996  1.0000 -0.3222 -0.9968 -0.3627 -0.9979  0.9983  0.9562  0.9562  0.1681
rho          0.3867 -0.4344 -0.3739  0.5768 -0.2815  0.2598  1.0000 -0.1340 -0.3222  0.4220  0.3480 -0.3222  1.0000  0.2449 -0.7654  0.2598 -0.3762 -0.5851 -0.5851 -0.9874
ve           0.9888 -0.9797 -0.9908  0.4991 -0.9993  0.9999  0.2449  0.9280 -0.9968  0.9824  0.9942 -0.9968  0.2449  1.0000  0.4365  0.9999 -0.9905 -0.9295 -0.9295 -0.0882
Y            0.2976 -0.2472 -0.3107 -0.2039 -0.4022  0.4226 -0.7654  0.7404 -0.3627  0.2606  0.3370 -0.3627 -0.7654  0.4365  1.0000  0.4226 -0.3084 -0.0741 -0.0741  0.8577
Le           0.9910 -0.9826 -0.9928  0.5063 -0.9997  1.0000  0.2598  0.9221 -0.9979  0.9851  0.9957 -0.9979  0.2598  0.9999  0.4226  1.0000 -0.9925 -0.9351 -0.9351 -0.1035
Lc          -0.9999  0.9980  1.0000 -0.5590  0.9950 -0.9925 -0.3762 -0.8677  0.9983 -0.9988 -0.9995  0.9983 -0.3762 -0.9905 -0.3084 -0.9925  1.0000  0.9715  0.9715  0.2246
l           -0.9741  0.9846  0.9709 -0.6368  0.9428 -0.9351 -0.5851 -0.7252  0.9562 -0.9821 -0.9639  0.9562 -0.5851 -0.9295 -0.0741 -0.9351  0.9715  1.0000  1.0000  0.4493
yy          -0.9741  0.9846  0.9709 -0.6368  0.9428 -0.9351 -0.5851 -0.7252  0.9562 -0.9821 -0.9639  0.9562 -0.5851 -0.9295 -0.0741 -0.9351  0.9715  1.0000  1.0000  0.4493
Yr          -0.2357  0.2862  0.2223 -0.5110  0.1259 -0.1035 -0.9874  0.2894  0.1681 -0.2730 -0.1951  0.1681 -0.9874 -0.0882  0.8577 -0.1035  0.2246  0.4493  0.4493  1.0000



COEFFICIENTS OF AUTOCORRELATION (HP filter, lambda = 1600)
Order         1       2       3       4       5
i        0.5634  0.2619  0.0593 -0.0713 -0.1497
pi       0.5722  0.2739  0.0712 -0.0613 -0.1426
pai      0.5615  0.2592  0.0566 -0.0735 -0.1513
r        0.5634  0.2619  0.0593 -0.0713 -0.1497
C        0.5515  0.2454  0.0429 -0.0850 -0.1594
Ne       0.5502  0.2436  0.0411 -0.0864 -0.1604
N        0.9205  0.7538  0.5486  0.3373  0.1400
L        0.5906  0.2993  0.0965 -0.0402 -0.1277
w        0.5549  0.2502  0.0476 -0.0810 -0.1566
mu       0.5697  0.2705  0.0678 -0.0641 -0.1446
d        0.5579  0.2543  0.0517 -0.0776 -0.1542
v        0.5549  0.2502  0.0476 -0.0810 -0.1566
rho      0.9205  0.7538  0.5486  0.3373  0.1400
ve       0.5495  0.2427  0.0402 -0.0872 -0.1610
Y        0.8474  0.6531  0.4484  0.2536  0.0806
Le       0.5502  0.2436  0.0411 -0.0864 -0.1604
Lc       0.5618  0.2596  0.0570 -0.0731 -0.1510
l        0.6143  0.3320  0.1290 -0.0130 -0.1084
yy       0.6143  0.3320  0.1290 -0.0130 -0.1084
Yr       0.9352  0.7741  0.5688  0.3541  0.1519
Total computing time : 0h00m01s
