Starting Dynare (version 4.5.7).
Starting preprocessing of the model file ...
Found 23 equation(s).
Evaluating expressions...done
Computing static model derivatives:
 - order 1
Computing dynamic model derivatives:
 - order 1
Processing outputs ...
done
Preprocessing completed.




Residuals of the static equations:

Equation number 1 : 0 : Pricing
Equation number 2 : 0 : Markup
Equation number 3 : 0 : Variety effect
Equation number 4 : 0 : Profits
Equation number 5 : 0 : Free entry
Equation number 6 : 0 : Number of firms
Equation number 7 : 0 : Intratemporal optimality
Equation number 8 : 0 : Euler euqation (shares)
Equation number 9 : 0 : Euler euqation (bonds)
Equation number 10 : 0 : Output of consumption sector
Equation number 11 : 0 : Aggregate accounting
Equation number 12 : 0 : CPI inflation
Equation number 13 : 0 : Monetary policy
Equation number 14 : 0 : Entry cost
Equation number 15 : 0 : Aggregate productivity
Equation number 16 : 0 : Consumption-based real interest rate on bonds
Equation number 17 : 0 : Investment in new firms
Equation number 18 : 0 : GDP
Equation number 19 : 0 : Empirical GDP
Equation number 20 : 0 : Labor used to create new firms
Equation number 21 : 0 : Labor used in production of consumptions
Equation number 22 : 0 : Firm labor demand for productive purpose
Equation number 23 : 0 : Firm level output



STEADY-STATE RESULTS:

rho 		 0
mu  		 0
d   		 0
w   		 0
L   		 0
Ne  		 0
N   		 0
v   		 0
C   		 0
Z   		 0
YC  		 0
pi  		 0
i   		 0
pai 		 0
fe  		 0
r   		 0
ve  		 0
Y   		 0
Yr  		 0
Le  		 0
Lc  		 0
l   		 0
yy  		 0

EIGENVALUES:
         Modulus             Real        Imaginary

        4.95e-17        -4.95e-17                0
          0.7226           0.7226                0
          0.9502           0.9502                0
           1.052            1.052                0
           1.106            1.105          0.06274
           1.106            1.105         -0.06274
             Inf              Inf                0
             Inf              Inf                0


There are 5 eigenvalue(s) larger than 1 in modulus 
for 5 forward-looking variable(s)

The rank condition is verified.


MODEL SUMMARY

  Number of variables:         23
  Number of stochastic shocks: 1
  Number of state variables:   3
  Number of jumpers:           5
  Number of static variables:  15


MATRIX OF COVARIANCE OF EXOGENOUS SHOCKS
Variables       eps_Z
eps_Z        1.000000

POLICY AND TRANSITION FUNCTIONS
                                   i              pi             pai               r               C              Ne               N               L               w              mu               d               v             rho              ve               Y              Le              Lc               l              yy              Yr
rho(-1)                            0               0        1.000000               0               0               0               0               0               0               0               0               0               0               0               0               0               0               0               0               0
N(-1)                      -0.006400       -0.024857       -0.367201               0        0.496766       -0.657471        0.958563               0        0.225088        0.117256       -0.133480        0.225088        0.342344       -0.432383        0.303194       -0.657471        0.154422       -0.804141       -0.804141       -0.039150
i(-1)                       0.714253       -0.389429       -0.499650        1.000000       -3.222864       12.344743        0.308619               0       -3.012105        3.122326        5.211031       -3.012105        0.110221        9.332638       -0.607134       12.344743       -3.333085       -3.641703       -3.641703       -0.717355
eps_Z                      -0.892817        0.486787        0.624563               0        4.028580      -15.430929       -0.385773               0        3.765132       -3.902908       -6.513789        3.765132       -0.137776      -11.665797        0.758918      -15.430929        4.166356        4.552129        4.552129        0.896694


THEORETICAL MOMENTS (HP filter, lambda = 1600)
VARIABLE         MEAN  STD. DEV.   VARIANCE
i              0.0000     1.0300     1.0610
pi             0.0000     0.5595     0.3130
pai            0.0000     0.7192     0.5172
r              0.0000     1.0300     1.0610
C              0.0000     4.7308    22.3800
Ne             0.0000    17.8741   319.4835
N              0.0000     1.1710     1.3712
L              0.0000     0.0000     0.0000
w              0.0000     4.3717    19.1118
mu             0.0000     4.4900    20.1601
d              0.0000     7.5252    56.6280
v              0.0000     4.3717    19.1118
rho            0.0000     0.4182     0.1749
ve             0.0000    13.5033   182.3378
Y              0.0000     0.9724     0.9455
Le             0.0000    17.8741   319.4835
Lc             0.0000     4.8226    23.2574
l              0.0000     5.2512    27.5749
yy             0.0000     5.2512    27.5749
Yr             0.0000     1.0309     1.0627



MATRIX OF CORRELATIONS (HP filter, lambda = 1600)
Variables         i      pi     pai       r       C      Ne       N       w      mu       d       v     rho      ve       Y      Le      Lc       l      yy      Yr
i            1.0000 -0.9983 -0.9997  0.5651 -0.9933  0.9994  0.2898 -0.9986  0.9993  0.9999 -0.9986  0.2898  0.9995 -0.9341  0.9994 -0.9995 -0.9826 -0.9826 -0.9987
pi          -0.9983  1.0000  0.9994 -0.5845  0.9848 -0.9955 -0.3458  0.9937 -0.9998 -0.9974  0.9937 -0.3458 -0.9960  0.9114 -0.9955  0.9960  0.9919  0.9919  1.0000
pai         -0.9997  0.9994  1.0000 -0.5731  0.9903 -0.9982 -0.3123  0.9971 -0.9999 -0.9993  0.9971 -0.3123 -0.9986  0.9254 -0.9982  0.9986  0.9867  0.9867  0.9996
r            0.5651 -0.5845 -0.5731  1.0000 -0.5216  0.5525  0.4934 -0.5461  0.5777  0.5604 -0.5461  0.4934  0.5545 -0.4049  0.5525 -0.5545 -0.6192 -0.6192 -0.5821
C           -0.9933  0.9848  0.9903 -0.5216  1.0000 -0.9968 -0.1775  0.9980 -0.9883 -0.9948  0.9980 -0.1775 -0.9964  0.9690 -0.9968  0.9964  0.9546  0.9546  0.9861
Ne           0.9994 -0.9955 -0.9982  0.5525 -0.9968  1.0000  0.2555 -0.9999  0.9973  0.9998 -0.9999  0.2555  1.0000 -0.9462  1.0000 -1.0000 -0.9753 -0.9753 -0.9962
N            0.2898 -0.3458 -0.3123  0.4934 -0.1775  0.2555  1.0000 -0.2389  0.3257  0.2769 -0.2389  1.0000  0.2609  0.0709  0.2555 -0.2609 -0.4626 -0.4626 -0.3388
w           -0.9986  0.9937  0.9971 -0.5461  0.9980 -0.9999 -0.2389  1.0000 -0.9959 -0.9992  1.0000 -0.2389 -0.9997  0.9517 -0.9999  0.9997  0.9714  0.9714  0.9946
mu           0.9993 -0.9998 -0.9999  0.5777 -0.9883  0.9973  0.3257 -0.9959  1.0000  0.9987 -0.9959  0.3257  0.9977 -0.9200  0.9973 -0.9977 -0.9889 -0.9889 -0.9999
d            0.9999 -0.9974 -0.9993  0.5604 -0.9948  0.9998  0.2769 -0.9992  0.9987  1.0000 -0.9992  0.2769  0.9999 -0.9388  0.9998 -0.9999 -0.9800 -0.9800 -0.9979
v           -0.9986  0.9937  0.9971 -0.5461  0.9980 -0.9999 -0.2389  1.0000 -0.9959 -0.9992  1.0000 -0.2389 -0.9997  0.9517 -0.9999  0.9997  0.9714  0.9714  0.9946
rho          0.2898 -0.3458 -0.3123  0.4934 -0.1775  0.2555  1.0000 -0.2389  0.3257  0.2769 -0.2389  1.0000  0.2609  0.0709  0.2555 -0.2609 -0.4626 -0.4626 -0.3388
ve           0.9995 -0.9960 -0.9986  0.5545 -0.9964  1.0000  0.2609 -0.9997  0.9977  0.9999 -0.9997  0.2609  1.0000 -0.9444  1.0000 -1.0000 -0.9766 -0.9766 -0.9967
Y           -0.9341  0.9114  0.9254 -0.4049  0.9690 -0.9462  0.0709  0.9517 -0.9200 -0.9388  0.9517  0.0709 -0.9444  1.0000 -0.9462  0.9444  0.8515  0.8515  0.9145
Le           0.9994 -0.9955 -0.9982  0.5525 -0.9968  1.0000  0.2555 -0.9999  0.9973  0.9998 -0.9999  0.2555  1.0000 -0.9462  1.0000 -1.0000 -0.9753 -0.9753 -0.9962
Lc          -0.9995  0.9960  0.9986 -0.5545  0.9964 -1.0000 -0.2609  0.9997 -0.9977 -0.9999  0.9997 -0.2609 -1.0000  0.9444 -1.0000  1.0000  0.9766  0.9766  0.9967
l           -0.9826  0.9919  0.9867 -0.6192  0.9546 -0.9753 -0.4626  0.9714 -0.9889 -0.9800  0.9714 -0.4626 -0.9766  0.8515 -0.9753  0.9766  1.0000  1.0000  0.9909
yy          -0.9826  0.9919  0.9867 -0.6192  0.9546 -0.9753 -0.4626  0.9714 -0.9889 -0.9800  0.9714 -0.4626 -0.9766  0.8515 -0.9753  0.9766  1.0000  1.0000  0.9909
Yr          -0.9987  1.0000  0.9996 -0.5821  0.9861 -0.9962 -0.3388  0.9946 -0.9999 -0.9979  0.9946 -0.3388 -0.9967  0.9145 -0.9962  0.9967  0.9909  0.9909  1.0000



COEFFICIENTS OF AUTOCORRELATION (HP filter, lambda = 1600)
Order         1       2       3       4       5
i        0.5651  0.2642  0.0616 -0.0693 -0.1484
pi       0.5708  0.2722  0.0697 -0.0624 -0.1433
pai      0.5671  0.2670  0.0644 -0.0670 -0.1466
r        0.5651  0.2642  0.0616 -0.0693 -0.1484
C        0.5614  0.2591  0.0564 -0.0738 -0.1517
Ne       0.5629  0.2611  0.0584 -0.0720 -0.1503
N        0.9256  0.7678  0.5715  0.3668  0.1730
w        0.5622  0.2601  0.0574 -0.0729 -0.1510
mu       0.5685  0.2689  0.0663 -0.0653 -0.1454
d        0.5642  0.2629  0.0602 -0.0705 -0.1492
v        0.5622  0.2601  0.0574 -0.0729 -0.1510
rho      0.9256  0.7678  0.5715  0.3668  0.1730
ve       0.5632  0.2615  0.0588 -0.0717 -0.1501
Y        0.5873  0.2952  0.0929 -0.0425 -0.1286
Le       0.5629  0.2611  0.0584 -0.0720 -0.1503
Lc       0.5632  0.2615  0.0588 -0.0717 -0.1501
l        0.5916  0.3012  0.0991 -0.0373 -0.1247
yy       0.5916  0.3012  0.0991 -0.0373 -0.1247
Yr       0.5700  0.2710  0.0684 -0.0635 -0.1440
Total computing time : 0h00m02s
